30 24 27 28 29 301 2 3 4 5 6 7 8 9 10 26 25 28 20 21 18 17 18 19 20 21 22 23 12 14 25 4 5 6 7 8 9 10 12 29 301 26 27 28 29 301 2 3 4 21 5 6 28 24 301 2 13 14 8 12 2 4 5 18 18 24 12 13 14 25 18 19 2 27 13 301 29 301 2 3 4 5 6 7 8 9 10 
30 24 27 28 29 301 2 3 4 5 6 7 8 9 10 26 25 28 20 21 18 17 18 19 20 21 22 23 12 14 25 26 27 28 29 301 2 3 4 5 6 7 8 9 10 12 29 301 26 27 28 29 301 2 3 4 21 5 6 28 24 301 2 13 14 8 12 2 4 301 2 3 26 27 28 29 301 2 3 4 5 6 7 8 9 10 12 29 301 26 27 28 29 301 2 3 4 21 5 6 28 24 301 2 13 14 8 12 2 4 301 2 3 4 5 6 7 8 9 10 12 29 301 26 27 28 29 301 2 3 4 21 5 6 28 24 301 2 13 14 8 12 2 4 5 18 18 24 12 13 14 25 18 19 2 27 13 301 29 301 2 3 4 5 6 7 8 9 10 
15 5 6 20 21 22 23 12 14 25 26 27 28 29 5 18 18 24 12 13 14 25 18 19 2 27 13 301 29 301 2 3 4 5 6 7 8 9 10 
30 24 27 28 29 301 2 3 4 5 6 7 8 9 10 26 25 28 20 21 18 17 18 19 7 8 9 10 
30 24 27 28 29 301 2 3 4 5 6 7 8 9 10 26 25 28 20 21 18 17 18 19 20 21 22 23 12 14 25 26 27 28 29 301 2 3 4 5 6 7 8 9 10 12 13 26 19 28 17 15 3 20 24 29 7 28 4 5 6 24 
5 16 20 8 9 5 6 7 301 2 3 23 16 25 26 
17 18 29 8 9 10 24 
30 24 27 28 25 12 12 29 20 21 24 
15 5 6 9 5 6 7 301 2 3 4 5 6 24 
5 16 20 8 7 8 9 10 
